[0]->1@0
[0]->3@0
[0]->8@0
[0]->9@0
>>>>[0|1] v:1@[0]
1 2 0 0 0 0 0 0 0 
0 0 0 6 0 0 0 0 3 
0 7 4 0 8 0 0 0 0 
0 0 0 0 0 3 0 0 2 
0 8 0 0 4 0 0 1 0 
6 0 0 5 0 0 0 0 0 
0 0 0 0 1 0 7 8 0 
5 0 0 0 0 9 0 0 0 
0 0 0 0 0 0 0 4 0 

<<<<[0|0]
0 2 0 0 0 0 0 0 0 
0 0 0 6 0 0 0 0 3 
0 7 4 0 8 0 0 0 0 
0 0 0 0 0 3 0 0 2 
0 8 0 0 4 0 0 1 0 
6 0 0 5 0 0 0 0 0 
0 0 0 0 1 0 7 8 0 
5 0 0 0 0 9 0 0 0 
0 0 0 0 0 0 0 4 0 

>>>>[0|0] v:3@[0]
3 2 0 0 0 0 0 0 0 
0 0 0 6 0 0 0 0 3 
0 7 4 0 8 0 0 0 0 
0 0 0 0 0 3 0 0 2 
0 8 0 0 4 0 0 1 0 
6 0 0 5 0 0 0 0 0 
0 0 0 0 1 0 7 8 0 
5 0 0 0 0 9 0 0 0 
0 0 0 0 0 0 0 4 0 

<<<<[0|-1]
0 2 0 0 0 0 0 0 0 
0 0 0 6 0 0 0 0 3 
0 7 4 0 8 0 0 0 0 
0 0 0 0 0 3 0 0 2 
0 8 0 0 4 0 0 1 0 
6 0 0 5 0 0 0 0 0 
0 0 0 0 1 0 7 8 0 
5 0 0 0 0 9 0 0 0 
0 0 0 0 0 0 0 4 0 

>>>>[0|-1] v:8@[0]
8 2 0 0 0 0 0 0 0 
0 0 0 6 0 0 0 0 3 
0 7 4 0 8 0 0 0 0 
0 0 0 0 0 3 0 0 2 
0 8 0 0 4 0 0 1 0 
6 0 0 5 0 0 0 0 0 
0 0 0 0 1 0 7 8 0 
5 0 0 0 0 9 0 0 0 
0 0 0 0 0 0 0 4 0 

<<<<[0|-2]
0 2 0 0 0 0 0 0 0 
0 0 0 6 0 0 0 0 3 
0 7 4 0 8 0 0 0 0 
0 0 0 0 0 3 0 0 2 
0 8 0 0 4 0 0 1 0 
6 0 0 5 0 0 0 0 0 
0 0 0 0 1 0 7 8 0 
5 0 0 0 0 9 0 0 0 
0 0 0 0 0 0 0 4 0 

>>>>[0|-2] v:9@[0]
9 2 0 0 0 0 0 0 0 
0 0 0 6 0 0 0 0 3 
0 7 4 0 8 0 0 0 0 
0 0 0 0 0 3 0 0 2 
0 8 0 0 4 0 0 1 0 
6 0 0 5 0 0 0 0 0 
0 0 0 0 1 0 7 8 0 
5 0 0 0 0 9 0 0 0 
0 0 0 0 0 0 0 4 0 

<<<<[0|-3]
0 2 0 0 0 0 0 0 0 
0 0 0 6 0 0 0 0 3 
0 7 4 0 8 0 0 0 0 
0 0 0 0 0 3 0 0 2 
0 8 0 0 4 0 0 1 0 
6 0 0 5 0 0 0 0 0 
0 0 0 0 1 0 7 8 0 
5 0 0 0 0 9 0 0 0 
0 0 0 0 0 0 0 4 0 

No solution
THE END
